     x10        x23        misfit FCN
 SULFURI @ COMP            1
 reg =    5.4336595009346282E-006
 aozzi =   0.26943810938842638     
 totali =    1.2608666548954151E-002
 dd =    1.4981323814791772     
 SULFURI @ COMP            2
 reg =    5.5051970642280464E-006
 aozzi =   0.14303571985025887     
 totali =    3.0521322865956897E-002
 dd =    1.5557921719656609     
 SULFURI @ COMP            3
 reg =    5.5683144376371495E-006
 aozzi =   0.10523846820530855     
 totali =    5.0643315101962842E-002
 dd =    1.6134519624521440     
   -5.076   -15181.000  0.31308D+00
 SOLFATI @ COMP            1
 regg =    76270560110830.234     
 sppb =    8.5203811411702496E-017
 totali =    1.2608666548954151E-002
 dd =    1.4981323814791772     
 beppi =    3.1622776601683798E-016
 SOLFATI @ COMP            2
 regg =    25920994626955.520     
 sppb =    4.5231866148857648E-017
 totali =    3.0521322865956897E-002
 dd =    1.5557921719656609     
 beppi =    3.1622776601683798E-016
 SOLFATI @ COMP            3
 regg =    8805474208009.3418     
 sppb =    3.3279325699598755E-017
 totali =    5.0643315101962842E-002
 dd =    1.6134519624521440     
 beppi =    3.1622776601683798E-016
